40 120
19 34
32 28
37 5
12 3
18 34
38 28
31 25
6 30
6 2
12 25
6 7
22 15
10 29
40 2
29 4
17 4
18 1
16 12
4 30
18 19
6 33
27 15
35 27
29 39
28 36
15 40
5 29
23 15
14 40
15 2
40 39
1 25
14 28
38 40
31 33
6 32
2 28
25 29
11 28
31 23
13 15
28 16
11 29
15 31
17 15
31 34
6 1
39 37
27 29
25 21
11 3
15 1
31 40
6 13
38 34
40 5
25 36
15 7
37 18
14 25
10 6
15 25
33 15
14 31
20 13
36 29
25 30
36 2
12 40
6 20
10 37
15 39
3 19
19 28
31 11
21 15
6 22
33 37
37 6
3 6
9 40
6 38
6 9
7 4
16 36
29 13
37 29
16 27
39 25
28 17
8 32
37 15
28 1
6 5
6 11
16 37
15 19
6 12
6 39
13 28
34 15
25 26
25 9
40 22
25 6
29 40
18 12
20 29
6 34
15 36
16 4
19 30
6 40
25 23
22 2
15 30
26 6
21 16
29 6
9 28
